0.8912509381337456
1.7782794100389228
1.9952623149688795
2.2387211385683394
1.1220184543019633
1.5848931924611136
3.1622776601683795
4.466835921509632
0.8912509381337456
0.8912509381337456
0.8912509381337456
0.8912509381337456
0.8912509381337456
0.8912509381337456
0.8912509381337456
2.8183829312644537
0.8912509381337456
1
4.466835921509632
0.8912509381337456
10
2.51188643150958
1.1220184543019633
4.466835921509632
7.079457843841379
1.5848931924611136
3.9810717055349722
17.78279410038923
1.9952623149688795
3.548133892335755
1.5848931924611136
8.912509381337454
4.466835921509632
1.1220184543019633
1.7782794100389228
10
1.9952623149688795
1
1.7782794100389228
11.220184543019636
1.9952623149688795
1.5848931924611136
2.2387211385683394
2.51188643150958
2.51188643150958
1.2589254117941673
5.011872336272722
1.9952623149688795
3.1622776601683795
3.9810717055349722
3.1622776601683795
2.8183829312644537
3.9810717055349722
2.8183829312644537
1.5848931924611136
4.466835921509632
5.011872336272722
17.78279410038923
3.548133892335755
22.3872113856834
3.548133892335755
3.548133892335755
4.466835921509632
3.9810717055349722
2.51188643150958
14.12537544622754
3.9810717055349722
4.466835921509632
4.466835921509632
8.912509381337454
5.623413251903491
3.9810717055349722
3.548133892335755
3.548133892335755
5.011872336272722
3.1622776601683795
15.848931924611133
5.623413251903491
1.7782794100389228
14.12537544622754
2.2387211385683394
3.1622776601683795
12.589254117941675
5.011872336272722
1.7782794100389228
10
5.623413251903491
3.1622776601683795
1.1220184543019633
2.2387211385683394
10
2.2387211385683394
0.8912509381337456
1.1220184543019633
3.9810717055349722
0.8912509381337456
0.8912509381337456
0.8912509381337456
1.2589254117941673
0.8912509381337456
0.8912509381337456
1.9952623149688795
0.8912509381337456
0.8912509381337456
1.9952623149688795
1.9952623149688795
0.8912509381337456
0.8912509381337456
2.51188643150958
5.011872336272722
1
0.8912509381337456
1.5848931924611136
1.7782794100389228
4.466835921509632
3.1622776601683795
5.623413251903491
5.011872336272722
3.548133892335755
1.7782794100389228
1.4125375446227544
3.548133892335755
3.1622776601683795
7.943282347242816
2.51188643150958
6.309573444801933
10
7.943282347242816
3.548133892335755
3.1622776601683795
3.1622776601683795
3.548133892335755
3.548133892335755
8.912509381337454
2.8183829312644537
2.51188643150958
2.2387211385683394
6.309573444801933
1.5848931924611136
3.9810717055349722
5.011872336272722
1.9952623149688795
6.309573444801933
4.466835921509632
2.51188643150958
6.309573444801933
1
1
6.309573444801933
1.5848931924611136
1
0.8912509381337456
0.8912509381337456
0.8912509381337456
0.8912509381337456
0.8912509381337456
0.8912509381337456
0.8912509381337456
0.8912509381337456
2.51188643150958
0.8912509381337456
