0.8912510217271413
1.7782510385742913
2.105838362449947
2.3596469672316953
1.7628078931977074
1.7029287270607707
2.434960014349548
3.4488496407916864
2.6281483651542406
2.06968525880265
1.6800040727307162
1.4026104899530274
1.2021829835594944
1.055455541926822
0.9475260826082391
1.3801999177583357
1.2294858505628683
1.138582060580487
1.8826684835259657
1.6728418547103907
3.49876185082022
3.404656055394603
3.036614800294898
3.395390232803694
4.201552785453043
3.8336540341978007
3.96170911544628
6.557483921217322
5.980524181276851
5.74765614208657
5.20893711730442
5.9542381468492
5.871392663266134
5.259152752117169
4.825160793468768
5.712032691985926
5.269389200224646
4.728463396354704
4.364821598035358
5.413249357674646
5.016206047008157
4.604031314060364
4.328045340862027
4.1189963466968065
3.9320566821170515
3.5960346268927292
3.7951494623669837
3.575586560204602
3.530770018898104
3.595952479747609
3.5496433076529663
3.4642919592445125
3.5331244650732927
3.4505135063810157
3.223913440362432
3.3716760796470733
3.5712241117102135
5.286837348652618
5.139560893701016
7.2359732165898425
6.918108777928887
6.626937368592731
6.466459733593147
6.262334274443754
5.906285116879355
6.903369635622675
6.660979379907315
6.492098881750353
6.33612645535619
6.68719481819733
6.641031099071636
6.416537449611881
6.16182054250345
5.927859719302958
5.871557356254811
5.61924759579314
6.752375691504138
6.6932905940524225
6.227715774480129
7.110696460386797
6.662022869104606
6.345960767532922
7.045255277104295
6.892138998029826
6.413108854099719
6.826797428400082
6.752048397297313
6.427520671771847
5.917877593247377
5.5628990326066035
6.031315987925313
5.668600069463249
5.196741698724798
4.785172386664663
4.696195585711758
4.301525768527665
3.9382500318629106
3.603666545940145
3.333259781167099
3.0477784824242105
2.785248391443992
2.654891837507415
2.425847738301718
2.2157024431446106
2.132944249242608
2.0580531044220383
1.8809301250183557
1.7190069109404953
1.7309739525026782
1.9896382889216133
1.8360216256443438
1.68453577588714
1.6140692053471164
1.5693526376677085
1.792176923866705
1.8724664456968643
2.1878985691632566
2.4213663406479355
2.496034244231484
2.3940354767195826
2.265063810550897
2.3535161043347754
2.398828888366589
2.9036120995641808
2.8473333542856007
3.161783520915692
3.808846614212631
4.210430793383258
4.159560968404256
4.075003862546934
3.996395628105318
3.9604357241776924
3.9269160398590923
4.410917108539095
4.274167481730295
4.117687443771111
3.946301843358798
4.177049265730402
3.938763598201705
3.9467737759953936
4.052527358764303
3.8625703851016175
4.097697602584992
4.140014789631397
3.9930031527254717
4.217828900502164
3.921315238314763
3.6462511486670217
3.8952425961353137
3.6778875474570136
3.4208059758256644
3.172167435162717
2.9417315077103283
2.7284002689857716
2.5311651077102253
2.348695614440086
2.1803593825580774
2.024667953828964
1.8810357414473626
1.9018905773323427
1.7692787836454118
